Format Version,1.25,Take Name,Take 2025-11-27 03.08.53 PM,Take Notes,,Capture Frame Rate,120.000000,Export Frame Rate,120.000000,Capture Start Time,2025-11-27 03.08.54.226 PM,Capture Start Frame,1766669,Total Frames in Take,905,Total Exported Frames,905,Rotation Type,Quaternion,Length Units,Centimeters,Coordinate Space,Global

,Type,Rigid Body,Rigid Body,Rigid Body,Rigid Body,Rigid Body,Rigid Body,Rigid Body
,Name,SEE_medium,SEE_medium,SEE_medium,SEE_medium,SEE_medium,SEE_medium,SEE_medium
,ID,99D1A06ACB9411F031C44B617C101E92,99D1A06ACB9411F031C44B617C101E92,99D1A06ACB9411F031C44B617C101E92,99D1A06ACB9411F031C44B617C101E92,99D1A06ACB9411F031C44B617C101E92,99D1A06ACB9411F031C44B617C101E92,99D1A06ACB9411F031C44B617C101E92
,Parent,,,,,,,
,,Rotation,Rotation,Rotation,Rotation,Position,Position,Position
Frame,Time (Seconds),X,Y,Z,W,X,Y,Z
0,0.000000,0.002563,0.022599,0.002674,0.999738,-215.718323,90.145279,84.325172
1,0.008333,0.002585,0.022699,0.003076,0.999734,-215.731598,90.144737,84.325150
2,0.016667,0.002591,0.022821,0.003389,0.999731,-215.745712,90.143272,84.324577
3,0.025000,0.002462,0.022700,0.003861,0.999732,-215.761993,90.143639,84.324226
4,0.033333,0.002561,0.022688,0.004069,0.999731,-215.777298,90.141945,84.321884
5,0.041667,0.001909,0.023169,0.005583,0.999714,-215.792038,90.134666,84.327843
6,0.050000,0.001846,0.023354,0.006047,0.999707,-215.804321,90.134148,84.336746
7,0.058333,0.001816,0.023305,0.006233,0.999707,-215.816315,90.136734,84.334633
8,0.066667,0.001722,0.023179,0.006622,0.999708,-215.827148,90.135414,84.332695
9,0.075000,0.001912,0.023097,0.006903,0.999708,-215.836548,90.135895,84.331505
10,0.083333,0.002057,0.023099,0.007077,0.999706,-215.844101,90.136719,84.332451
11,0.091667,0.001796,0.023078,0.007402,0.999705,-215.851074,90.137680,84.332916
12,0.100000,0.001746,0.023181,0.007682,0.999700,-215.855652,90.137520,84.333412
13,0.108333,0.001774,0.023164,0.007815,0.999700,-215.856720,90.137726,84.333374
14,0.116667,0.001910,0.023179,0.007808,0.999699,-215.852707,90.135887,84.333656
15,0.125000,0.001857,0.023252,0.007538,0.999699,-215.848083,90.136078,84.335945
16,0.133333,0.001806,0.023235,0.007465,0.999701,-215.838272,90.135124,84.336533
17,0.141667,0.000599,0.023069,0.007732,0.999704,-215.836304,90.144508,84.338875
18,0.150000,0.000075,0.023145,0.007769,0.999702,-215.835022,90.148087,84.338623
19,0.158333,-0.000287,0.023245,0.007832,0.999699,-215.834122,90.151085,84.338264
20,0.166667,-0.000611,0.023280,0.007869,0.999698,-215.836685,90.155540,84.335335
21,0.175000,-0.000833,0.023463,0.008115,0.999691,-215.837402,90.156082,84.334114
22,0.183333,-0.001125,0.023554,0.008142,0.999689,-215.840668,90.160301,84.332695
23,0.191667,-0.001253,0.023656,0.008336,0.999685,-215.841339,90.161751,84.329056
24,0.200000,-0.001601,0.023779,0.008495,0.999680,-215.842941,90.163559,84.327507
25,0.208333,-0.002015,0.023818,0.008692,0.999676,-215.844467,90.166000,84.327057
26,0.216667,-0.002212,0.023909,0.008597,0.999675,-215.847183,90.170708,84.325638
27,0.225000,-0.002573,0.023906,0.008776,0.999672,-215.854401,90.177330,84.324669
28,0.233333,-0.002720,0.023962,0.009326,0.999666,-215.858932,90.177811,84.321709
29,0.241667,-0.002751,0.023987,0.009377,0.999665,-215.866684,90.180489,84.321732
30,0.250000,-0.002508,0.023946,0.009571,0.999664,-215.870911,90.176521,84.326103
31,0.258333,-0.002474,0.024017,0.009702,0.999661,-215.871262,90.175423,84.333679
32,0.266667,-0.001923,0.024110,0.009263,0.999665,-215.870789,90.172821,84.336502
33,0.275000,-0.001686,0.024195,0.009150,0.999664,-215.871216,90.169792,84.337494
34,0.283333,-0.001706,0.024099,0.009117,0.999667,-215.874435,90.168816,84.338448
35,0.291667,-0.001666,0.024150,0.009310,0.999664,-215.872772,90.165062,84.341660
36,0.300000,-0.001530,0.024183,0.009351,0.999663,-215.870377,90.164528,84.345741
37,0.308333,-0.001507,0.024190,0.009298,0.999663,-215.866592,90.165863,84.347412
38,0.316667,-0.001224,0.024173,0.009125,0.999665,-215.862747,90.167267,84.341423
39,0.325000,-0.001438,0.024082,0.009060,0.999668,-215.863708,90.170746,84.337524
40,0.333333,-0.001533,0.024102,0.009232,0.999666,-215.865967,90.169281,84.330544
41,0.341667,-0.001834,0.024176,0.009422,0.999662,-215.869217,90.170219,84.329048
42,0.350000,-0.001904,0.024264,0.009355,0.999660,-215.873260,90.171890,84.326973
43,0.358333,-0.001855,0.024375,0.009532,0.999656,-215.878296,90.172089,84.322067
44,0.366667,-0.002074,0.024406,0.009723,0.999653,-215.882629,90.173668,84.320496
45,0.375000,-0.001945,0.024430,0.009584,0.999654,-215.885162,90.173965,84.319778
46,0.383333,-0.001937,0.024498,0.009563,0.999652,-215.887360,90.171822,84.322968
47,0.391667,-0.001927,0.024447,0.009592,0.999653,-215.890091,90.170662,84.326424
48,0.400000,-0.001726,0.024464,0.009422,0.999655,-215.891022,90.169617,84.330521
49,0.408333,-0.001355,0.024297,0.009381,0.999660,-215.888977,90.166718,84.330841
50,0.416667,-0.001265,0.024208,0.009467,0.999661,-215.886810,90.165977,84.333008
51,0.425000,-0.001174,0.024131,0.009285,0.999665,-215.881561,90.165955,84.338600
52,0.433333,-0.001049,0.024057,0.009162,0.999668,-215.875885,90.164345,84.344681
53,0.441667,-0.000976,0.024070,0.009183,0.999668,-215.873123,90.161888,84.345512
54,0.450000,-0.000940,0.024012,0.009145,0.999669,-215.869934,90.162544,84.347206
55,0.458333,-0.000846,0.023976,0.009100,0.999671,-215.867661,90.161186,84.346863
56,0.466667,-0.000645,0.023901,0.008924,0.999674,-215.867233,90.159798,84.343842
57,0.475000,-0.000526,0.023879,0.008942,0.999675,-215.867432,90.157410,84.342934
58,0.483333,-0.000381,0.023750,0.008924,0.999678,-215.869232,90.157097,84.339905
59,0.491667,-0.000250,0.023800,0.008938,0.999677,-215.873810,90.154961,84.336380
60,0.500000,-0.000109,0.023860,0.008892,0.999676,-215.878387,90.154472,84.332893
61,0.508333,0.000090,0.023912,0.008846,0.999675,-215.884094,90.155197,84.331551
62,0.516667,0.000138,0.023865,0.009045,0.999674,-215.887375,90.154320,84.330818
63,0.525000,0.000049,0.023944,0.009188,0.999671,-215.891846,90.154037,84.331657
64,0.533333,-0.000015,0.023976,0.009196,0.999670,-215.895340,90.154366,84.330841
65,0.541667,-0.000319,0.024106,0.009186,0.999667,-215.896515,90.155449,84.332283
66,0.550000,-0.000555,0.024085,0.009234,0.999667,-215.894318,90.157158,84.333504
67,0.558333,-0.000846,0.024099,0.009259,0.999666,-215.892197,90.160683,84.337166
68,0.566667,-0.000802,0.024164,0.009184,0.999665,-215.887802,90.159805,84.337784
69,0.575000,-0.000881,0.024122,0.009122,0.999667,-215.881271,90.161514,84.340401
70,0.583333,-0.001155,0.024078,0.009186,0.999667,-215.874100,90.164146,84.344582
71,0.591667,-0.001326,0.024112,0.009330,0.999665,-215.870285,90.165314,84.345543
72,0.600000,-0.001368,0.024220,0.009188,0.999663,-215.869064,90.167099,84.343536
73,0.608333,-0.001514,0.024208,0.009268,0.999663,-215.867584,90.168411,84.341339
74,0.616667,-0.001709,0.024296,0.009370,0.999659,-215.868835,90.169640,84.340248
75,0.625000,-0.001783,0.024310,0.009351,0.999659,-215.870575,90.170845,84.335983
76,0.633333,-0.001837,0.024331,0.009487,0.999657,-215.872360,90.171471,84.331528
77,0.641667,-0.001863,0.024384,0.009623,0.999655,-215.877823,90.171608,84.325111
78,0.650000,-0.002072,0.024483,0.009689,0.999651,-215.881317,90.173721,84.325310
79,0.658333,-0.002260,0.024529,0.009679,0.999650,-215.884186,90.175018,84.324738
80,0.666667,-0.002030,0.024563,0.009615,0.999650,-215.888000,90.172295,84.320854
81,0.675000,-0.002181,0.024558,0.009670,0.999649,-215.892120,90.172523,84.323273
82,0.683333,-0.001816,0.024583,0.009623,0.999650,-215.895660,90.169022,84.324196
83,0.691667,-0.001588,0.024560,0.009698,0.999650,-215.897415,90.166054,84.326317
84,0.700000,-0.001468,0.024533,0.009707,0.999651,-215.897583,90.165077,84.330154
85,0.708333,-0.001262,0.024439,0.009625,0.999654,-215.896484,90.164963,84.332718
86,0.716667,-0.001082,0.024391,0.009444,0.999657,-215.894058,90.164894,84.336075
87,0.725000,-0.001092,0.024342,0.009451,0.999658,-215.889572,90.163719,84.338684
88,0.733333,-0.001087,0.024226,0.009330,0.999662,-215.884995,90.163567,84.339439
89,0.741667,-0.001145,0.024167,0.009240,0.999665,-215.881897,90.162903,84.339348
90,0.750000,-0.001244,0.024226,0.009271,0.999663,-215.878601,90.162865,84.338020
91,0.758333,-0.001448,0.024255,0.009362,0.999661,-215.875290,90.164436,84.339722
92,0.766667,-0.001351,0.024235,0.009226,0.999663,-215.874893,90.164528,84.334595
93,0.775000,-0.001581,0.024291,0.009225,0.999661,-215.877182,90.167145,84.330505
94,0.783333,-0.001931,0.024408,0.009462,0.999655,-215.878204,90.170753,84.330780
95,0.791667,-0.002114,0.024528,0.009657,0.999650,-215.880402,90.172180,84.330299
96,0.800000,-0.002119,0.024505,0.009656,0.999651,-215.882874,90.173843,84.327263
97,0.808333,-0.002043,0.024526,0.009704,0.999650,-215.887405,90.172653,84.323547
98,0.816667,-0.002064,0.024576,0.009768,0.999648,-215.891449,90.171791,84.321884
99,0.825000,-0.001995,0.024591,0.009660,0.999649,-215.894073,90.171547,84.323387
100,0.833333,-0.001900,0.024578,0.009666,0.999649,-215.894669,90.171326,84.324463
101,0.841667,-0.001786,0.024569,0.009748,0.999649,-215.896011,90.170631,84.326401
102,0.850000,-0.001776,0.024639,0.009761,0.999647,-215.896088,90.168999,84.328514
103,0.858333,-0.001714,0.024569,0.009603,0.999651,-215.895111,90.167305,84.330704
104,0.866667,-0.001646,0.024438,0.009466,0.999655,-215.892502,90.166840,84.332428
105,0.875000,-0.001519,0.024467,0.009386,0.999655,-215.889877,90.166382,84.333824
106,0.883333,-0.001609,0.024479,0.009450,0.999654,-215.886948,90.166222,84.337463
107,0.891667,-0.001582,0.024326,0.009417,0.999658,-215.883118,90.166092,84.336288
108,0.900000,-0.001569,0.024326,0.009430,0.999658,-215.881638,90.166374,84.336349
109,0.908333,-0.001644,0.024332,0.009463,0.999658,-215.880920,90.167603,84.333786
110,0.916667,-0.001851,0.024404,0.009611,0.999654,-215.880295,90.168442,84.331795
111,0.925000,-0.002080,0.024460,0.009710,0.999652,-215.882355,90.170593,84.330078
112,0.933333,-0.002082,0.024576,0.009754,0.999648,-215.883286,90.172012,84.328094
113,0.941667,-0.002078,0.024623,0.009664,0.999648,-215.885513,90.173630,84.325806
114,0.950000,-0.002227,0.024615,0.009759,0.999647,-215.887192,90.174850,84.326782
115,0.958333,-0.002138,0.024754,0.009939,0.999642,-215.890762,90.172348,84.327827
116,0.966667,-0.001896,0.024713,0.009980,0.999643,-215.894699,90.168602,84.325348
117,0.975000,-0.001752,0.024745,0.009908,0.999643,-215.897964,90.166176,84.324753
118,0.983333,-0.001655,0.024604,0.009935,0.999647,-215.897537,90.165436,84.325905
119,0.991667,-0.001443,0.024609,0.009679,0.999649,-215.898270,90.166084,84.327904
120,1.000000,-0.001368,0.024551,0.009640,0.999651,-215.897293,90.165886,84.333435
121,1.008333,-0.001264,0.024503,0.009703,0.999652,-215.896301,90.163162,84.335503
122,1.016667,-0.001111,0.024520,0.009493,0.999654,-215.894836,90.161407,84.336159
123,1.025000,-0.001159,0.024456,0.009500,0.999655,-215.893799,90.160980,84.336784
124,1.033333,-0.001041,0.024441,0.009309,0.999657,-215.891678,90.160614,84.337402
125,1.041667,-0.001074,0.024380,0.009443,0.999658,-215.889557,90.159592,84.337212
126,1.050000,-0.001060,0.024380,0.009566,0.999656,-215.887360,90.160446,84.338005
127,1.058333,-0.001029,0.024404,0.009485,0.999657,-215.885513,90.162552,84.340324
128,1.066667,-0.000925,0.024362,0.009354,0.999659,-215.884476,90.162483,84.338120
129,1.075000,-0.001028,0.024291,0.009217,0.999662,-215.885376,90.164215,84.335480
130,1.083333,-0.001269,0.024344,0.009431,0.999658,-215.885040,90.164665,84.334839
131,1.091667,-0.001559,0.024457,0.009594,0.999654,-215.885803,90.166420,84.335594
132,1.100000,-0.001486,0.024569,0.009674,0.999650,-215.887802,90.164879,84.331009
133,1.108333,-0.001559,0.024540,0.009628,0.999651,-215.891235,90.167221,84.329941
134,1.116667,-0.001620,0.024573,0.009643,0.999650,-215.892212,90.167412,84.328751
135,1.125000,-0.001788,0.024599,0.009861,0.999647,-215.893372,90.168564,84.331268
136,1.133333,-0.001535,0.024648,0.009723,0.999648,-215.895111,90.167702,84.330536
137,1.141667,-0.001601,0.024598,0.009800,0.999648,-215.895721,90.167221,84.331001
138,1.150000,-0.001514,0.024571,0.009868,0.999648,-215.894073,90.166069,84.333000
139,1.158333,-0.001514,0.024535,0.009732,0.999650,-215.891678,90.166069,84.332314
140,1.166667,-0.001426,0.024502,0.009649,0.999652,-215.889450,90.166695,84.331001
141,1.175000,-0.001545,0.024471,0.009774,0.999652,-215.887665,90.167572,84.332054
142,1.183333,-0.001507,0.024442,0.009742,0.999653,-215.883423,90.169220,84.331978
143,1.191667,-0.001746,0.024405,0.009748,0.999653,-215.879639,90.170700,84.331757
144,1.200000,-0.001771,0.024417,0.009545,0.999655,-215.877457,90.172501,84.330498
145,1.208333,-0.002003,0.024528,0.009645,0.999651,-215.877319,90.173355,84.330658
146,1.216667,-0.002572,0.024524,0.009852,0.999647,-215.878433,90.175575,84.334717
147,1.225000,-0.002404,0.024522,0.009766,0.999649,-215.879730,90.174255,84.334335
148,1.233333,-0.002258,0.024611,0.009721,0.999647,-215.881821,90.172874,84.335426
149,1.241667,-0.002130,0.024658,0.009719,0.999646,-215.884918,90.171936,84.338486
150,1.250000,-0.002030,0.024730,0.009859,0.999644,-215.887665,90.170494,84.340523
151,1.258333,-0.001749,0.024590,0.009761,0.999648,-215.893265,90.170891,84.341774
152,1.266667,-0.001594,0.024524,0.009839,0.999650,-215.897247,90.168640,84.342178
153,1.275000,-0.001361,0.024494,0.009748,0.999652,-215.900116,90.165749,84.344917
154,1.283333,-0.001248,0.024456,0.009591,0.999654,-215.901657,90.164528,84.345505
155,1.291667,-0.001004,0.024459,0.009372,0.999656,-215.902756,90.162834,84.343948
156,1.300000,-0.000864,0.024478,0.009418,0.999656,-215.903000,90.160629,84.342720
157,1.308333,-0.000623,0.024349,0.009271,0.999660,-215.902039,90.159615,84.342583
158,1.316667,-0.000484,0.024217,0.009368,0.999663,-215.899612,90.159225,84.340508
159,1.325000,-0.000370,0.024191,0.009534,0.999662,-215.895462,90.158119,84.339218
160,1.333333,-0.000383,0.024288,0.009492,0.999660,-215.891739,90.158440,84.339134
161,1.341667,-0.000460,0.024221,0.009337,0.999663,-215.888397,90.160652,84.338470
162,1.350000,-0.000657,0.024272,0.009382,0.999661,-215.886444,90.161171,84.338364
163,1.358333,-0.000857,0.024279,0.009430,0.999660,-215.884583,90.162758,84.337433
164,1.366667,-0.001193,0.024272,0.009431,0.999660,-215.882797,90.165070,84.341530
165,1.375000,-0.001199,0.024428,0.009455,0.999656,-215.882706,90.165695,84.340714
166,1.383333,-0.001463,0.024521,0.009601,0.999652,-215.884216,90.167389,84.341057
167,1.391667,-0.001713,0.024533,0.009706,0.999650,-215.887482,90.169403,84.341438
168,1.400000,-0.001737,0.024556,0.009603,0.999651,-215.890594,90.170418,84.341309
169,1.408333,-0.001707,0.024546,0.009627,0.999651,-215.893768,90.171524,84.341820
170,1.416667,-0.001828,0.024533,0.009762,0.999650,-215.895844,90.171173,84.343346
171,1.425000,-0.001788,0.024644,0.009636,0.999648,-215.897888,90.171623,84.344025
172,1.433333,-0.001752,0.024618,0.009602,0.999649,-215.899704,90.171555,84.343597
173,1.441667,-0.001660,0.024548,0.009766,0.999650,-215.899689,90.169380,84.341583
174,1.450000,-0.001701,0.024574,0.009864,0.999648,-215.899734,90.167137,84.341118
175,1.458333,-0.001602,0.024562,0.009730,0.999650,-215.897415,90.166946,84.339699
176,1.466667,-0.001303,0.024508,0.009803,0.999651,-215.893600,90.166817,84.337700
177,1.475000,-0.001421,0.024406,0.009972,0.999651,-215.889862,90.167892,84.338882
178,1.483333,-0.001285,0.024444,0.009792,0.999653,-215.887878,90.167145,84.335693
179,1.491667,-0.001224,0.024407,0.009655,0.999655,-215.885513,90.167938,84.333549
180,1.500000,-0.001547,0.024389,0.009692,0.999654,-215.882965,90.167709,84.332069
181,1.508333,-0.001913,0.024439,0.009654,0.999653,-215.880249,90.170029,84.333481
182,1.516667,-0.001982,0.024616,0.009579,0.999649,-215.880661,90.171188,84.330185
183,1.525000,-0.002169,0.024619,0.009744,0.999647,-215.883057,90.172356,84.327721
184,1.533333,-0.002597,0.024529,0.009942,0.999646,-215.885834,90.176605,84.326920
185,1.541667,-0.002441,0.024703,0.010093,0.999641,-215.889313,90.175667,84.324593
186,1.550000,-0.002359,0.024784,0.010095,0.999639,-215.893585,90.176392,84.323952
187,1.558333,-0.002773,0.024669,0.010225,0.999640,-215.896851,90.181091,84.324638
188,1.566667,-0.002707,0.024778,0.010204,0.999637,-215.900284,90.180557,84.322617
189,1.575000,-0.002470,0.024874,0.010154,0.999636,-215.901825,90.177109,84.322510
190,1.583333,-0.002364,0.024846,0.010146,0.999637,-215.902802,90.175171,84.322800
191,1.591667,-0.002186,0.024857,0.010001,0.999639,-215.902832,90.174484,84.324654
192,1.600000,-0.002099,0.024826,0.009969,0.999640,-215.899734,90.172981,84.325256
193,1.608333,-0.002140,0.024807,0.010040,0.999640,-215.897552,90.173492,84.325218
194,1.616667,-0.002319,0.024746,0.010086,0.999640,-215.894272,90.175453,84.324890
195,1.625000,-0.002972,0.024643,0.010212,0.999640,-215.891739,90.182068,84.324730
196,1.633333,-0.003667,0.024750,0.010411,0.999633,-215.887955,90.187141,84.319206
197,1.641667,-0.001854,0.024916,0.009720,0.999641,-215.880280,90.171097,84.326103
198,1.650000,-0.000092,0.024636,0.009011,0.999656,-215.877441,90.155106,84.338440
199,1.658333,0.000122,0.024416,0.008997,0.999661,-215.880798,90.151596,84.336365
200,1.666667,0.000708,0.024288,0.008821,0.999666,-215.882568,90.146187,84.341385
201,1.675000,0.001447,0.024189,0.008567,0.999670,-215.886444,90.140648,84.344521
202,1.683333,0.001701,0.024103,0.008548,0.999672,-215.890625,90.138573,84.344528
203,1.691667,0.001765,0.024102,0.008654,0.999671,-215.894135,90.138802,84.343025
204,1.700000,0.001701,0.024139,0.008699,0.999669,-215.897507,90.139236,84.342316
205,1.708333,0.001581,0.024204,0.008620,0.999669,-215.900848,90.140244,84.341331
206,1.716667,0.001512,0.024274,0.008836,0.999665,-215.903427,90.139137,84.341187
207,1.725000,0.001529,0.024334,0.008791,0.999664,-215.905579,90.138611,84.340210
208,1.733333,0.001566,0.024370,0.008799,0.999663,-215.905670,90.139122,84.340454
209,1.741667,0.001704,0.024300,0.008792,0.999665,-215.904587,90.140022,84.339294
210,1.750000,0.001714,0.024224,0.008757,0.999667,-215.903381,90.140289,84.339722
211,1.758333,0.001725,0.024189,0.008712,0.999668,-215.900558,90.139679,84.339417
212,1.766667,0.001706,0.024243,0.008921,0.999665,-215.895813,90.137787,84.342140
213,1.775000,0.001671,0.024158,0.008788,0.999668,-215.893036,90.139732,84.340469
214,1.783333,0.001722,0.024154,0.008543,0.999670,-215.891174,90.141151,84.340645
215,1.791667,0.001628,0.024113,0.008654,0.999671,-215.888290,90.140442,84.341454
216,1.800000,0.001602,0.024130,0.008682,0.999670,-215.885956,90.140030,84.344353
217,1.808333,0.001632,0.024198,0.008672,0.999668,-215.885880,90.140175,84.343155
218,1.816667,0.001612,0.024182,0.008477,0.999670,-215.887238,90.141220,84.341721
219,1.825000,0.001531,0.024100,0.008558,0.999672,-215.888458,90.140739,84.340034
220,1.833333,0.001585,0.024184,0.008596,0.999669,-215.891647,90.140678,84.340103
221,1.841667,0.001580,0.024174,0.008725,0.999668,-215.894623,90.140739,84.339096
222,1.850000,0.001688,0.024165,0.008652,0.999669,-215.898102,90.141357,84.337517
223,1.858333,0.001612,0.024231,0.008771,0.999667,-215.901001,90.139748,84.338264
224,1.866667,0.001670,0.024274,0.008789,0.999665,-215.902451,90.139503,84.337151
225,1.875000,0.001734,0.024257,0.008683,0.999667,-215.904160,90.140572,84.335754
226,1.883333,0.001683,0.024340,0.008878,0.999663,-215.904968,90.140465,84.335709
227,1.891667,0.001709,0.024255,0.008881,0.999665,-215.903931,90.140671,84.336739
228,1.900000,0.001732,0.024154,0.008947,0.999667,-215.900238,90.139725,84.337234
229,1.908333,0.001781,0.024255,0.008878,0.999665,-215.896225,90.139618,84.338638
230,1.916667,0.001780,0.024311,0.008760,0.999665,-215.893219,90.140114,84.336601
231,1.925000,0.001674,0.024240,0.008725,0.999667,-215.890594,90.140739,84.337120
232,1.933333,0.001586,0.024105,0.008766,0.999670,-215.887527,90.139732,84.337250
233,1.941667,0.001772,0.024108,0.008752,0.999670,-215.884109,90.139351,84.338287
234,1.950000,0.001803,0.024106,0.008680,0.999670,-215.883347,90.141266,84.337540
235,1.958333,0.001767,0.024113,0.008647,0.999670,-215.882950,90.141388,84.337227
236,1.966667,0.001765,0.024073,0.008643,0.999671,-215.883636,90.140411,84.337105
237,1.975000,0.001821,0.024080,0.008680,0.999671,-215.886215,90.140457,84.337990
238,1.983333,0.001771,0.024158,0.008697,0.999669,-215.889008,90.139908,84.337364
239,1.991667,0.001758,0.024150,0.008690,0.999669,-215.891678,90.140724,84.338554
240,2.000000,0.001677,0.024160,0.008739,0.999669,-215.893372,90.140701,84.339394
241,2.008333,0.001712,0.024250,0.008632,0.999667,-215.895538,90.141090,84.339043
242,2.016667,0.001625,0.024343,0.008690,0.999665,-215.896744,90.140419,84.338661
243,2.025000,0.001673,0.024324,0.008561,0.999666,-215.897583,90.140800,84.339218
244,2.033333,0.001812,0.024280,0.008439,0.999668,-215.897583,90.141449,84.341362
245,2.041667,0.001915,0.024155,0.008370,0.999671,-215.895294,90.140984,84.345047
246,2.050000,0.002055,0.024152,0.008292,0.999672,-215.890793,90.140175,84.353714
247,2.058333,0.002168,0.024122,0.008133,0.999674,-215.884857,90.139954,84.365158
248,2.066667,0.002442,0.024156,0.007870,0.999674,-215.877441,90.139946,84.375259
249,2.075000,0.002794,0.024196,0.007498,0.999675,-215.870758,90.139565,84.382545
250,2.083333,0.003007,0.024401,0.007287,0.999671,-215.866302,90.139290,84.393753
251,2.091667,0.003294,0.024428,0.007324,0.999669,-215.859253,90.139351,84.405991
252,2.100000,0.003856,0.024610,0.007147,0.999664,-215.851669,90.140694,84.420792
253,2.108333,0.004263,0.024714,0.007311,0.999659,-215.843658,90.141457,84.440773
254,2.116667,0.005173,0.024784,0.006962,0.999655,-215.836075,90.144295,84.464264
255,2.125000,0.006887,0.025155,0.005382,0.999645,-215.834351,90.156258,84.492508
256,2.133333,0.007876,0.025035,0.005181,0.999642,-215.829987,90.157967,84.515701
257,2.141667,0.008779,0.024878,0.005170,0.999639,-215.828018,90.157463,84.537514
258,2.150000,0.009682,0.024696,0.005282,0.999634,-215.828064,90.157005,84.559151
259,2.158333,0.010696,0.024664,0.005579,0.999623,-215.831711,90.156349,84.585167
260,2.166667,0.011394,0.024683,0.005716,0.999614,-215.834808,90.156578,84.604279
261,2.175000,0.011444,0.024821,0.005889,0.999609,-215.834290,90.158066,84.624954
262,2.183333,0.011271,0.024891,0.005902,0.999609,-215.829285,90.158699,84.631195
263,2.191667,0.011585,0.024746,0.005780,0.999610,-215.826584,90.155716,84.630814
264,2.200000,0.012253,0.024627,0.005523,0.999606,-215.821198,90.152313,84.635147
265,2.208333,0.012737,0.024409,0.005344,0.999607,-215.810684,90.149849,84.642479
266,2.216667,0.012995,0.024279,0.004989,0.999608,-215.797928,90.148285,84.650055
267,2.225000,0.013184,0.024210,0.004636,0.999609,-215.787155,90.148804,84.659126
268,2.233333,0.013311,0.024122,0.004439,0.999611,-215.777893,90.147560,84.664421
269,2.241667,0.013511,0.024046,0.004239,0.999611,-215.770081,90.146927,84.668907
270,2.250000,0.013761,0.024008,0.004135,0.999609,-215.764038,90.146240,84.674240
271,2.258333,0.013952,0.024086,0.004021,0.999605,-215.761230,90.145203,84.678421
272,2.266667,0.014151,0.024156,0.003829,0.999601,-215.760162,90.144257,84.685204
273,2.275000,0.014371,0.024050,0.003858,0.999600,-215.760376,90.144295,84.695091
274,2.283333,0.014770,0.024024,0.003850,0.999595,-215.761398,90.144577,84.703827
275,2.291667,0.015173,0.024039,0.003830,0.999589,-215.763885,90.144691,84.716377
276,2.300000,0.015490,0.024012,0.003853,0.999584,-215.766647,90.145096,84.727722
277,2.308333,0.015899,0.023983,0.003932,0.999578,-215.769989,90.145073,84.738617
278,2.316667,0.016177,0.023947,0.003904,0.999575,-215.772827,90.145088,84.745834
279,2.325000,0.016284,0.024015,0.004018,0.999571,-215.776199,90.143898,84.751732
280,2.333333,0.016350,0.024000,0.004133,0.999570,-215.779541,90.144348,84.752014
281,2.341667,0.016186,0.023949,0.004201,0.999573,-215.778061,90.144821,84.746887
282,2.350000,0.015842,0.023954,0.004250,0.999579,-215.778564,90.146721,84.735451
283,2.358333,0.015756,0.023980,0.004470,0.999578,-215.781494,90.147789,84.724518
284,2.366667,0.016109,0.024054,0.004500,0.999571,-215.781860,90.147575,84.714760
285,2.375000,0.015335,0.023884,0.004726,0.999586,-215.782715,90.147736,84.686417
286,2.383333,0.013994,0.023999,0.004995,0.999602,-215.792770,90.152954,84.649048
287,2.391667,0.013314,0.024304,0.005380,0.999602,-215.801147,90.156960,84.626480
288,2.400000,0.013415,0.024439,0.005762,0.999595,-215.805862,90.169312,84.626251
289,2.408333,0.014045,0.024982,0.005953,0.999572,-215.800354,90.196426,84.632362
290,2.416667,0.015570,0.025257,0.005811,0.999543,-215.796204,90.227905,84.654198
291,2.425000,0.016472,0.025364,0.005256,0.999529,-215.786819,90.270012,84.674171
292,2.433333,0.015020,0.025517,0.004455,0.999552,-215.782578,90.330154,84.693390
293,2.441667,0.014058,0.025765,0.004604,0.999559,-215.784698,90.384659,84.704872
294,2.450000,0.013680,0.025755,0.005064,0.999562,-215.788849,90.436539,84.719955
295,2.458333,0.013447,0.025597,0.005228,0.999568,-215.792297,90.487144,84.731087
296,2.466667,0.015960,0.024903,0.002848,0.999559,-215.801270,90.543243,84.729660
297,2.475000,0.017611,0.024079,0.002833,0.999551,-215.807251,90.593300,84.738197
298,2.483333,0.018080,0.023955,0.003148,0.999545,-215.805298,90.642181,84.752098
299,2.491667,0.016903,0.023856,0.003634,0.999566,-215.801147,90.702553,84.771355
300,2.500000,0.015617,0.024849,0.005339,0.999555,-215.792511,90.741005,84.795471
301,2.508333,0.013282,0.025014,0.006210,0.999580,-215.792221,90.803902,84.807953
302,2.516667,0.012191,0.025244,0.006540,0.999586,-215.787582,90.858696,84.813866
303,2.525000,0.011015,0.025506,0.006234,0.999595,-215.783997,90.919724,84.831146
304,2.533333,0.010633,0.025319,0.005595,0.999607,-215.782166,90.979309,84.829086
305,2.541667,0.010764,0.024415,0.005455,0.999629,-215.784210,91.039627,84.845490
306,2.550000,0.010158,0.023982,0.005757,0.999644,-215.781784,91.110474,84.849701
307,2.558333,0.009117,0.024243,0.006296,0.999645,-215.768936,91.184494,84.847755
308,2.566667,0.006972,0.024630,0.007431,0.999645,-215.757416,91.267685,84.841087
309,2.575000,0.004580,0.024764,0.008451,0.999647,-215.753555,91.345131,84.834518
310,2.583333,0.003289,0.024584,0.008450,0.999657,-215.753510,91.406036,84.836548
311,2.591667,0.003257,0.024460,0.007947,0.999664,-215.754150,91.449295,84.840027
312,2.600000,0.003857,0.024576,0.007543,0.999662,-215.755508,91.484688,84.844299
313,2.608333,0.003387,0.024901,0.007116,0.999659,-215.757614,91.531586,84.861168
314,2.616667,0.003504,0.025505,0.006032,0.999650,-215.762070,91.588570,84.868607
315,2.625000,0.003462,0.025425,0.006470,0.999650,-215.766266,91.639183,84.864799
316,2.633333,0.003772,0.025291,0.006771,0.999650,-215.770508,91.686462,84.867790
317,2.641667,0.004883,0.025455,0.006766,0.999641,-215.770081,91.727158,84.879265
318,2.650000,0.005348,0.025378,0.006780,0.999641,-215.769928,91.772995,84.890121
319,2.658333,0.006814,0.025108,0.004910,0.999650,-215.774368,91.837135,84.893120
320,2.666667,0.007551,0.024593,0.004245,0.999660,-215.775650,91.892159,84.896454
321,2.675000,0.006786,0.024643,0.003968,0.999665,-215.772003,91.947762,84.912949
322,2.683333,0.006465,0.024789,0.003900,0.999664,-215.763947,91.995148,84.909897
323,2.691667,0.004849,0.025003,0.004245,0.999667,-215.753799,92.054108,84.918365
324,2.700000,0.003371,0.025269,0.004580,0.999665,-215.738968,92.110970,84.913673
325,2.708333,0.002495,0.025131,0.004815,0.999669,-215.730713,92.166023,84.902756
326,2.716667,0.002105,0.025146,0.005202,0.999668,-215.724426,92.221039,84.894470
327,2.725000,0.001854,0.025084,0.005762,0.999667,-215.720627,92.272736,84.889374
328,2.733333,0.001541,0.025050,0.005950,0.999667,-215.719788,92.325554,84.887764
329,2.741667,0.001084,0.025055,0.005976,0.999668,-215.721817,92.375229,84.887016
330,2.750000,0.001674,0.024771,0.004511,0.999682,-215.725998,92.438103,84.884163
331,2.758333,0.001434,0.024488,0.003924,0.999691,-215.725525,92.491356,84.878746
332,2.766667,0.000626,0.024496,0.004237,0.999691,-215.721436,92.536446,84.878281
333,2.775000,-0.000377,0.024534,0.004416,0.999689,-215.718460,92.580200,84.882782
334,2.783333,-0.001496,0.024712,0.004423,0.999684,-215.713791,92.624550,84.895111
335,2.791667,-0.001755,0.024946,0.004514,0.999677,-215.709732,92.663719,84.894302
336,2.800000,-0.002058,0.025144,0.004599,0.999671,-215.709564,92.701683,84.891556
337,2.808333,-0.001354,0.025122,0.004329,0.999674,-215.711044,92.730835,84.877556
338,2.816667,-0.001789,0.024858,0.004831,0.999678,-215.716370,92.762604,84.871361
339,2.825000,-0.002400,0.024846,0.005002,0.999676,-215.714890,92.804192,84.866211
340,2.833333,-0.003966,0.024629,0.005467,0.999674,-215.713409,92.850319,84.862228
341,2.841667,-0.005075,0.024770,0.005522,0.999665,-215.709259,92.891594,84.858574
342,2.850000,-0.005879,0.025003,0.005581,0.999655,-215.703964,92.930824,84.853134
343,2.858333,-0.006581,0.025208,0.005700,0.999644,-215.698212,92.966293,84.847107
344,2.866667,-0.007557,0.025632,0.005425,0.999628,-215.689774,93.004646,84.851105
345,2.875000,-0.006834,0.025768,0.002996,0.999640,-215.683670,93.053345,84.845200
346,2.883333,-0.006351,0.025357,0.002998,0.999654,-215.680435,93.089943,84.833725
347,2.891667,-0.006292,0.025186,0.003527,0.999657,-215.677002,93.114349,84.833023
348,2.900000,-0.005938,0.025330,0.003837,0.999654,-215.673019,93.134941,84.839394
349,2.908333,-0.006027,0.025287,0.003776,0.999655,-215.672211,93.158493,84.842606
350,2.916667,-0.006877,0.025482,0.003793,0.999645,-215.670273,93.186630,84.855347
351,2.925000,-0.007217,0.025759,0.003848,0.999635,-215.665390,93.207146,84.861305
352,2.933333,-0.007378,0.025994,0.003779,0.999628,-215.661972,93.227402,84.865555
353,2.941667,-0.007485,0.026125,0.004020,0.999623,-215.660019,93.249733,84.869431
354,2.950000,-0.007745,0.026109,0.004512,0.999619,-215.658646,93.272575,84.872375
355,2.958333,-0.007735,0.025835,0.004953,0.999624,-215.661926,93.298492,84.864738
356,2.966667,-0.006946,0.026018,0.004998,0.999625,-215.659363,93.314583,84.860214
357,2.975000,-0.006947,0.025955,0.004883,0.999627,-215.658646,93.339615,84.860214
358,2.983333,-0.007215,0.025928,0.004670,0.999627,-215.656357,93.367493,84.861031
359,2.991667,-0.007523,0.026088,0.004820,0.999620,-215.651489,93.389000,84.860680
360,3.000000,-0.007881,0.026235,0.004811,0.999613,-215.646362,93.407486,84.860542
361,3.008333,-0.008024,0.026249,0.004719,0.999612,-215.641907,93.423218,84.860245
362,3.016667,-0.007821,0.026204,0.004523,0.999616,-215.636780,93.437828,84.857826
363,3.025000,-0.007785,0.026243,0.004639,0.999615,-215.630478,93.450470,84.857521
364,3.033333,-0.007691,0.026342,0.004648,0.999613,-215.623657,93.467674,84.857841
365,3.041667,-0.007834,0.026439,0.004759,0.999608,-215.617249,93.488571,84.854546
366,3.050000,-0.008189,0.026488,0.004738,0.999604,-215.612823,93.514069,84.850250
367,3.058333,-0.009127,0.026225,0.005042,0.999602,-215.612976,93.545387,84.849998
368,3.066667,-0.009883,0.026183,0.005516,0.999593,-215.612457,93.576256,84.850471
369,3.075000,-0.010439,0.026091,0.005921,0.999588,-215.612823,93.607239,84.850403
370,3.083333,-0.009634,0.025917,0.003560,0.999611,-215.614731,93.643288,84.846062
371,3.091667,-0.009323,0.025531,0.002838,0.999627,-215.614441,93.665627,84.842316
372,3.100000,-0.009370,0.025410,0.003105,0.999628,-215.615051,93.682037,84.842667
373,3.108333,-0.008981,0.025511,0.003755,0.999627,-215.612747,93.700562,84.844032
374,3.116667,-0.008897,0.025542,0.003867,0.999627,-215.609863,93.719551,84.845772
375,3.125000,-0.009186,0.025680,0.003954,0.999620,-215.606339,93.735626,84.846680
376,3.133333,-0.009542,0.025763,0.003971,0.999615,-215.603897,93.752327,84.847679
377,3.141667,-0.009607,0.025855,0.004069,0.999611,-215.600754,93.766403,84.848297
378,3.150000,-0.009600,0.025991,0.004176,0.999607,-215.597198,93.778175,84.848351
379,3.158333,-0.010254,0.026264,0.004120,0.999594,-215.591171,93.798096,84.859505
380,3.166667,-0.010569,0.026315,0.004108,0.999589,-215.586334,93.821037,84.861458
381,3.175000,-0.010050,0.026551,0.003581,0.999591,-215.575287,93.850830,84.859032
382,3.183333,-0.010241,0.026574,0.003962,0.999587,-215.563782,93.900826,84.840027
383,3.191667,-0.011166,0.026916,0.004559,0.999565,-215.548248,93.967827,84.822853
384,3.200000,-0.013343,0.027227,0.004970,0.999528,-215.534897,94.046364,84.810654
385,3.208333,-0.014790,0.027687,0.004984,0.999495,-215.516968,94.116302,84.800194
386,3.216667,-0.016219,0.028148,0.005373,0.999458,-215.499329,94.176010,84.792969
387,3.225000,-0.017389,0.028584,0.005904,0.999423,-215.482162,94.223938,84.785614
388,3.233333,-0.018640,0.029099,0.005836,0.999386,-215.466888,94.271667,84.786034
389,3.241667,-0.018714,0.029152,0.004551,0.999390,-215.460785,94.334404,84.778458
390,3.250000,-0.018423,0.028818,0.003755,0.999408,-215.462021,94.377357,84.759537
391,3.258333,-0.019630,0.028534,0.003866,0.999393,-215.470383,94.419876,84.761848
392,3.266667,-0.020201,0.028383,0.003993,0.999385,-215.472870,94.453133,84.758629
393,3.275000,-0.020265,0.028513,0.004221,0.999379,-215.470856,94.478813,84.755066
394,3.283333,-0.020524,0.028586,0.004203,0.999372,-215.468857,94.502731,84.750664
395,3.291667,-0.020728,0.028456,0.004344,0.999371,-215.469482,94.519814,84.739494
396,3.300000,-0.020784,0.028488,0.004582,0.999368,-215.471558,94.532982,84.735748
397,3.308333,-0.020888,0.028476,0.004826,0.999365,-215.473358,94.545074,84.734222
398,3.316667,-0.021164,0.028430,0.004943,0.999360,-215.476349,94.556007,84.733948
399,3.325000,-0.021273,0.028359,0.005018,0.999359,-215.478333,94.563988,84.733276
400,3.333333,-0.021339,0.028290,0.004963,0.999360,-215.479187,94.569031,84.732964
401,3.341667,-0.021195,0.028287,0.004764,0.999364,-215.479309,94.570625,84.731331
402,3.350000,-0.021243,0.028303,0.004798,0.999362,-215.479660,94.568062,84.732590
403,3.358333,-0.021178,0.028336,0.004855,0.999362,-215.480087,94.562775,84.733932
404,3.366667,-0.021118,0.028271,0.004954,0.999365,-215.480423,94.557915,84.735039
405,3.375000,-0.020942,0.028209,0.004889,0.999371,-215.481522,94.556213,84.734871
406,3.383333,-0.020721,0.028142,0.004718,0.999378,-215.481216,94.557320,84.735611
407,3.391667,-0.020578,0.028132,0.004618,0.999382,-215.480545,94.561035,84.735939
408,3.400000,-0.020641,0.028159,0.004531,0.999380,-215.478439,94.562492,84.735153
409,3.408333,-0.020732,0.028244,0.004622,0.999375,-215.475388,94.561417,84.735703
410,3.416667,-0.020823,0.028261,0.004777,0.999372,-215.473206,94.559082,84.735634
411,3.425000,-0.020814,0.028358,0.004812,0.999370,-215.472580,94.557129,84.736366
412,3.433333,-0.020843,0.028410,0.004828,0.999367,-215.472321,94.556450,84.736031
413,3.441667,-0.020844,0.028277,0.004803,0.999371,-215.473251,94.559120,84.735954
414,3.450000,-0.020915,0.028251,0.004848,0.999370,-215.475327,94.561920,84.735863
415,3.458333,-0.020989,0.028308,0.004829,0.999367,-215.475967,94.562599,84.735138
416,3.466667,-0.020958,0.028269,0.004845,0.999369,-215.477341,94.563026,84.735580
417,3.475000,-0.020907,0.028282,0.004774,0.999370,-215.478470,94.560600,84.736069
418,3.483333,-0.020831,0.028219,0.004716,0.999374,-215.479309,94.558746,84.736496
419,3.491667,-0.020754,0.028195,0.004785,0.999376,-215.479996,94.557777,84.735916
420,3.500000,-0.020839,0.028181,0.004805,0.999374,-215.481537,94.559570,84.737228
421,3.508333,-0.020775,0.028133,0.004762,0.999377,-215.480881,94.560966,84.736961
422,3.516667,-0.020803,0.028142,0.004620,0.999377,-215.480301,94.561546,84.736641
423,3.525000,-0.020718,0.028234,0.004805,0.999375,-215.479156,94.559471,84.737938
424,3.533333,-0.020723,0.028200,0.004829,0.999376,-215.478867,94.558418,84.737686
425,3.541667,-0.020580,0.028159,0.004729,0.999380,-215.477661,94.557404,84.736351
426,3.550000,-0.020656,0.028192,0.004633,0.999378,-215.477081,94.556969,84.735825
427,3.558333,-0.020688,0.028235,0.004633,0.999376,-215.475342,94.558594,84.735336
428,3.566667,-0.020691,0.028265,0.004726,0.999375,-215.474243,94.560028,84.735168
429,3.575000,-0.020809,0.028290,0.004872,0.999371,-215.473557,94.560310,84.735062
430,3.583333,-0.020850,0.028314,0.004818,0.999370,-215.473297,94.560143,84.734802
431,3.591667,-0.020899,0.028301,0.004833,0.999369,-215.474106,94.559807,84.734215
432,3.600000,-0.020792,0.028304,0.004803,0.999372,-215.475037,94.560310,84.734375
433,3.608333,-0.020858,0.028304,0.004687,0.999371,-215.476410,94.560364,84.734581
434,3.616667,-0.020950,0.028286,0.004815,0.999369,-215.478485,94.560715,84.735474
435,3.625000,-0.020943,0.028234,0.004915,0.999370,-215.479095,94.561104,84.735802
436,3.633333,-0.020762,0.028127,0.004778,0.999377,-215.480072,94.561317,84.734711
437,3.641667,-0.020808,0.028202,0.004800,0.999374,-215.480225,94.558899,84.736893
438,3.650000,-0.020812,0.028247,0.004823,0.999373,-215.480072,94.557724,84.737602
439,3.658333,-0.020634,0.028230,0.004698,0.999377,-215.479141,94.557961,84.737244
440,3.666667,-0.020621,0.028239,0.004651,0.999378,-215.478638,94.558159,84.736870
441,3.675000,-0.020720,0.028190,0.004736,0.999377,-215.477661,94.557587,84.736870
442,3.683333,-0.020696,0.028214,0.004632,0.999377,-215.477036,94.559006,84.736679
443,3.691667,-0.020722,0.028234,0.004761,0.999375,-215.475967,94.558258,84.736732
444,3.700000,-0.020768,0.028245,0.004677,0.999374,-215.474869,94.557724,84.735779
445,3.708333,-0.020779,0.028270,0.004703,0.999373,-215.475555,94.557655,84.736061
446,3.716667,-0.020718,0.028265,0.004689,0.999375,-215.475418,94.557610,84.735931
447,3.725000,-0.020816,0.028249,0.004724,0.999373,-215.475800,94.559288,84.735634
448,3.733333,-0.020831,0.028216,0.004874,0.999373,-215.475723,94.559273,84.735504
449,3.741667,-0.020710,0.028206,0.004782,0.999376,-215.475555,94.558846,84.735123
450,3.750000,-0.020751,0.028237,0.004781,0.999374,-215.476685,94.558922,84.736084
451,3.758333,-0.020775,0.028181,0.004676,0.999376,-215.477203,94.558266,84.735565
452,3.766667,-0.020810,0.028209,0.004738,0.999374,-215.477936,94.557556,84.737221
453,3.775000,-0.020773,0.028226,0.004789,0.999374,-215.479324,94.558487,84.737648
454,3.783333,-0.020724,0.028240,0.004835,0.999375,-215.480423,94.558678,84.737053
455,3.791667,-0.020673,0.028234,0.004680,0.999377,-215.480988,94.559006,84.736870
456,3.800000,-0.020679,0.028093,0.004692,0.999380,-215.480209,94.558784,84.736908
457,3.808333,-0.020710,0.028164,0.004795,0.999377,-215.479324,94.557251,84.737953
458,3.816667,-0.020654,0.028169,0.004757,0.999379,-215.478134,94.557251,84.737534
459,3.825000,-0.020594,0.028144,0.004682,0.999381,-215.477127,94.557800,84.736519
460,3.833333,-0.020663,0.028125,0.004706,0.999380,-215.476639,94.558044,84.736282
461,3.841667,-0.020722,0.028181,0.004694,0.999377,-215.475586,94.558327,84.736343
462,3.850000,-0.020661,0.028209,0.004767,0.999377,-215.474228,94.558289,84.735680
463,3.858333,-0.020659,0.028145,0.004720,0.999379,-215.474579,94.560150,84.734962
464,3.866667,-0.020734,0.028203,0.004712,0.999376,-215.474564,94.559853,84.734642
465,3.875000,-0.020852,0.028220,0.004638,0.999373,-215.475540,94.562431,84.736290
466,3.883333,-0.020972,0.028190,0.004705,0.999371,-215.476852,94.566147,84.737762
467,3.891667,-0.021085,0.028207,0.004694,0.999369,-215.478210,94.569756,84.739517
468,3.900000,-0.021196,0.028202,0.004775,0.999366,-215.481262,94.576920,84.742836
469,3.908333,-0.021218,0.028092,0.004693,0.999369,-215.484909,94.586861,84.743782
470,3.916667,-0.021385,0.027994,0.004845,0.999368,-215.488388,94.594070,84.747787
471,3.925000,-0.021679,0.027930,0.004810,0.999363,-215.493225,94.601723,84.752304
472,3.933333,-0.021996,0.027901,0.005099,0.999356,-215.499802,94.608238,84.761261
473,3.941667,-0.022391,0.027785,0.005085,0.999350,-215.508575,94.613396,84.772720
474,3.950000,-0.022870,0.027716,0.004927,0.999342,-215.521423,94.611832,84.787918
475,3.958333,-0.024032,0.028149,0.005926,0.999297,-215.536835,94.598389,84.815338
476,3.966667,-0.024739,0.028224,0.006241,0.999276,-215.559814,94.582764,84.846436
477,3.975000,-0.024827,0.028078,0.006439,0.999277,-215.588425,94.561783,84.875992
478,3.983333,-0.024442,0.027830,0.006539,0.999292,-215.619949,94.530258,84.904205
479,3.991667,-0.022867,0.027418,0.004806,0.999351,-215.659912,94.511215,84.933121
480,4.000000,-0.022039,0.026407,0.004835,0.999397,-215.697906,94.486908,84.956940
481,4.008333,-0.021835,0.025389,0.004755,0.999428,-215.737869,94.470520,84.986397
482,4.016667,-0.021607,0.024574,0.004623,0.999454,-215.778381,94.456177,85.016777
483,4.025000,-0.021356,0.023849,0.004313,0.999478,-215.831543,94.440239,85.057426
484,4.033333,-0.021274,0.023040,0.003904,0.999501,-215.885620,94.420532,85.097679
485,4.041667,-0.021458,0.022036,0.003588,0.999520,-215.938599,94.397858,85.132858
486,4.050000,-0.021534,0.020917,0.003545,0.999543,-215.994522,94.373230,85.166931
487,4.058333,-0.021477,0.019305,0.003520,0.999577,-216.067551,94.343094,85.209442
488,4.066667,-0.021204,0.017927,0.003120,0.999610,-216.138153,94.311958,85.247917
489,4.075000,-0.022104,0.017910,0.005452,0.999580,-216.205673,94.275177,85.297142
490,4.083333,-0.021353,0.018317,0.004028,0.999596,-216.277817,94.262665,85.353668
491,4.091667,-0.021240,0.016787,0.002717,0.999630,-216.352493,94.250259,85.405846
492,4.100000,-0.023110,0.015346,0.005047,0.999602,-216.419220,94.214447,85.449364
493,4.108333,-0.023386,0.014455,0.005678,0.999606,-216.493805,94.187874,85.490807
494,4.116667,-0.024401,0.013569,0.004980,0.999598,-216.574692,94.170326,85.546623
495,4.125000,-0.025311,0.012333,0.004392,0.999594,-216.651077,94.154785,85.590019
496,4.133333,-0.025812,0.010814,0.004881,0.999596,-216.721512,94.147888,85.631126
497,4.141667,-0.025979,0.009564,0.005656,0.999601,-216.811798,94.139633,85.670624
498,4.150000,-0.025910,0.008658,0.006105,0.999608,-216.904922,94.124344,85.725609
499,4.158333,-0.025479,0.007929,0.005629,0.999628,-216.989685,94.111023,85.782700
500,4.166667,-0.025488,0.006355,0.005901,0.999638,-217.074707,94.104584,85.832199
501,4.175000,-0.025216,0.005560,0.004912,0.999655,-217.161209,94.097282,85.885223
502,4.183333,-0.024901,0.004034,0.003921,0.999674,-217.247391,94.088531,85.942467
503,4.191667,-0.024511,0.001428,0.003997,0.999691,-217.346542,94.100426,86.002640
504,4.200000,-0.024256,0.000251,0.004728,0.999695,-217.441864,94.105896,86.044617
505,4.208333,-0.025846,-0.000276,0.005020,0.999653,-217.531830,94.112457,86.095337
506,4.216667,-0.028541,-0.001233,0.002736,0.999588,-217.637589,94.152931,86.151970
507,4.225000,-0.029492,-0.002718,0.002121,0.999559,-217.734116,94.185188,86.203560
508,4.233333,-0.030269,-0.004267,0.002172,0.999530,-217.838638,94.221626,86.262466
509,4.241667,-0.030643,-0.005853,0.002413,0.999510,-217.928726,94.242264,86.309174
510,4.250000,-0.031855,-0.007470,0.002300,0.999462,-218.031982,94.259384,86.352196
511,4.258333,-0.033178,-0.008722,0.002083,0.999409,-218.136627,94.266922,86.389168
512,4.266667,-0.036085,-0.008990,0.003129,0.999303,-218.240021,94.273117,86.450424
513,4.275000,-0.036642,-0.009588,0.001859,0.999281,-218.347244,94.292381,86.495796
514,4.283333,-0.036841,-0.011192,0.001968,0.999257,-218.447372,94.303612,86.534248
515,4.291667,-0.037297,-0.013065,0.001621,0.999218,-218.554855,94.309593,86.575684
516,4.300000,-0.037929,-0.014787,0.001499,0.999170,-218.659073,94.303146,86.610970
517,4.308333,-0.038284,-0.016452,0.001881,0.999130,-218.760941,94.294289,86.642448
518,4.316667,-0.039094,-0.017955,0.002361,0.999072,-218.877075,94.278351,86.680862
519,4.325000,-0.039344,-0.019768,0.002275,0.999028,-218.988373,94.255722,86.723007
520,4.333333,-0.039793,-0.021072,0.003271,0.998980,-219.095856,94.229584,86.764130
521,4.341667,-0.039842,-0.022076,0.003301,0.998957,-219.218369,94.201408,86.802086
522,4.350000,-0.039264,-0.022918,0.001726,0.998965,-219.330505,94.181961,86.834000
523,4.358333,-0.039188,-0.024835,0.001174,0.998923,-219.447021,94.163475,86.864540
524,4.366667,-0.039324,-0.026733,0.001576,0.998868,-219.569427,94.142708,86.899460
525,4.375000,-0.039330,-0.028092,0.001496,0.998830,-219.684052,94.115479,86.923523
526,4.383333,-0.039410,-0.029702,0.001205,0.998781,-219.795044,94.091705,86.955124
527,4.391667,-0.039643,-0.030861,0.000774,0.998737,-219.911285,94.057648,86.985580
528,4.400000,-0.040027,-0.032044,0.002032,0.998683,-220.016830,94.022408,87.018356
529,4.408333,-0.040867,-0.033094,0.002033,0.998614,-220.132187,93.997353,87.068420
530,4.416667,-0.040819,-0.034999,0.001902,0.998552,-220.245285,93.971497,87.095581
531,4.425000,-0.039703,-0.036634,0.001651,0.998538,-220.356461,93.950035,87.121605
532,4.433333,-0.039573,-0.038318,0.001438,0.998481,-220.475174,93.923859,87.147385
533,4.441667,-0.039747,-0.039809,0.001152,0.998416,-220.594482,93.895996,87.173798
534,4.450000,-0.039789,-0.041199,0.001053,0.998358,-220.709564,93.870888,87.194099
535,4.458333,-0.039996,-0.042839,0.001007,0.998281,-220.839172,93.843132,87.220177
536,4.466667,-0.039849,-0.044733,0.000988,0.998204,-220.959549,93.816101,87.246170
537,4.475000,-0.040129,-0.046452,0.000494,0.998114,-221.087387,93.781837,87.271965
538,4.483333,-0.041117,-0.047787,0.001077,0.998010,-221.223404,93.741692,87.305038
539,4.491667,-0.040386,-0.049051,-0.000124,0.997979,-221.346634,93.717102,87.338402
540,4.500000,-0.040539,-0.050975,-0.000697,0.997877,-221.477081,93.685478,87.363831
541,4.508333,-0.040689,-0.052703,0.000146,0.997781,-221.613739,93.655548,87.386803
542,4.516667,-0.040634,-0.054511,0.000294,0.997686,-221.745712,93.630142,87.400826
543,4.525000,-0.040334,-0.056076,0.000171,0.997611,-221.886520,93.605629,87.416084
544,4.533333,-0.040658,-0.058000,-0.000538,0.997488,-222.022430,93.577377,87.434959
545,4.541667,-0.041396,-0.059761,-0.001064,0.997353,-222.154709,93.545280,87.447693
546,4.550000,-0.041794,-0.061671,-0.001308,0.997220,-222.293686,93.514381,87.470451
547,4.558333,-0.042049,-0.063496,-0.000662,0.997096,-222.427200,93.472328,87.498474
548,4.566667,-0.041562,-0.064852,-0.000039,0.997029,-222.565598,93.437370,87.518143
549,4.575000,-0.041399,-0.066104,0.000185,0.996953,-222.712967,93.407104,87.539139
550,4.583333,-0.040334,-0.067690,-0.000431,0.996891,-222.844437,93.387466,87.552979
551,4.591667,-0.040717,-0.069897,-0.001010,0.996722,-222.985153,93.360939,87.569160
552,4.600000,-0.041348,-0.071794,-0.001364,0.996561,-223.119873,93.332062,87.587830
553,4.608333,-0.041249,-0.073506,-0.001383,0.996440,-223.249191,93.306145,87.602760
554,4.616667,-0.041246,-0.075185,-0.001486,0.996315,-223.386032,93.271561,87.617180
555,4.625000,-0.040386,-0.076703,-0.001434,0.996235,-223.525101,93.235535,87.620613
556,4.633333,-0.040263,-0.078276,-0.001415,0.996117,-223.664352,93.204620,87.630196
557,4.641667,-0.040676,-0.080003,-0.000968,0.995964,-223.807022,93.178642,87.645302
558,4.650000,-0.040788,-0.082065,-0.000473,0.995792,-223.940613,93.152359,87.657288
559,4.658333,-0.040602,-0.083658,-0.000608,0.995667,-224.069000,93.125526,87.664429
560,4.666667,-0.039953,-0.084645,-0.000903,0.995609,-224.195724,93.106987,87.666573
561,4.675000,-0.039680,-0.085756,-0.000891,0.995525,-224.326874,93.078842,87.669449
562,4.683333,-0.039951,-0.087091,-0.000960,0.995398,-224.448944,93.047348,87.672195
563,4.691667,-0.040109,-0.089104,-0.001315,0.995214,-224.571411,93.016045,87.678833
564,4.700000,-0.040712,-0.090878,-0.002155,0.995027,-224.700806,92.980705,87.684372
565,4.708333,-0.041512,-0.092202,-0.001886,0.994873,-224.835724,92.945137,87.686508
566,4.716667,-0.041571,-0.093663,-0.001660,0.994734,-224.970749,92.908630,87.691673
567,4.725000,-0.040375,-0.095441,-0.000919,0.994615,-225.110107,92.866585,87.694427
568,4.733333,-0.039575,-0.097622,-0.000877,0.994436,-225.245087,92.824783,87.692764
569,4.741667,-0.039000,-0.099770,-0.001135,0.994245,-225.391388,92.784447,87.690674
570,4.750000,-0.039221,-0.101502,-0.000892,0.994062,-225.534698,92.752625,87.688705
571,4.758333,-0.039740,-0.103128,-0.000922,0.993873,-225.681549,92.719284,87.682693
572,4.766667,-0.039629,-0.105001,-0.000799,0.993682,-225.816757,92.693359,87.686958
573,4.775000,-0.037902,-0.106159,-0.003648,0.993620,-225.949905,92.674797,87.687721
574,4.783333,-0.037452,-0.107742,-0.004885,0.993461,-226.087006,92.646965,87.681732
575,4.791667,-0.037877,-0.109384,-0.004668,0.993267,-226.225494,92.615974,87.672813
576,4.800000,-0.038567,-0.111044,-0.004868,0.993055,-226.365524,92.579948,87.666824
577,4.808333,-0.038929,-0.112950,-0.004601,0.992827,-226.494949,92.545792,87.659172
578,4.816667,-0.038836,-0.114959,-0.004520,0.992601,-226.632263,92.507866,87.648842
579,4.825000,-0.037942,-0.116338,-0.004123,0.992476,-226.764923,92.470131,87.636009
580,4.833333,-0.036946,-0.118022,-0.004025,0.992315,-226.890900,92.437103,87.624130
581,4.841667,-0.036748,-0.119795,-0.004055,0.992110,-227.013016,92.405769,87.607857
582,4.850000,-0.036507,-0.121470,-0.004090,0.991915,-227.123550,92.379601,87.587906
583,4.858333,-0.036710,-0.122571,-0.004251,0.991772,-227.239868,92.354324,87.570206
584,4.866667,-0.036849,-0.123638,-0.004379,0.991633,-227.342224,92.329056,87.554695
585,4.875000,-0.036796,-0.124912,-0.004053,0.991477,-227.442764,92.302422,87.539772
586,4.883333,-0.036738,-0.126321,-0.003924,0.991301,-227.545135,92.270866,87.521965
587,4.891667,-0.036423,-0.127687,-0.004442,0.991136,-227.643036,92.237183,87.501091
588,4.900000,-0.036093,-0.128726,-0.004309,0.991014,-227.749008,92.206749,87.475616
589,4.908333,-0.035277,-0.130119,-0.003847,0.990863,-227.850510,92.179100,87.451897
590,4.916667,-0.034846,-0.131431,-0.003699,0.990706,-227.945084,92.144653,87.434738
591,4.925000,-0.034007,-0.132998,-0.003654,0.990526,-228.038330,92.102280,87.413811
592,4.933333,-0.033529,-0.134354,-0.002766,0.990362,-228.133423,92.060791,87.390205
593,4.941667,-0.033019,-0.135270,-0.002170,0.990256,-228.228668,92.012337,87.361313
594,4.950000,-0.032836,-0.136342,-0.002818,0.990113,-228.318604,91.970573,87.339745
595,4.958333,-0.032129,-0.137428,-0.003311,0.989985,-228.409317,91.930252,87.318665
596,4.966667,-0.031116,-0.138927,-0.003783,0.989806,-228.494858,91.893890,87.299477
597,4.975000,-0.030871,-0.140114,-0.004330,0.989645,-228.583054,91.860291,87.278282
598,4.983333,-0.030669,-0.140844,-0.004157,0.989548,-228.666931,91.830605,87.255493
599,4.991667,-0.030178,-0.141900,-0.003368,0.989415,-228.749634,91.809723,87.229256
600,5.000000,-0.029094,-0.143089,-0.002757,0.989278,-228.829224,91.789062,87.206787
601,5.008333,-0.028581,-0.143880,-0.002586,0.989179,-228.910492,91.757454,87.194382
602,5.016667,-0.028500,-0.144682,-0.002782,0.989064,-228.987885,91.725777,87.186722
603,5.025000,-0.028776,-0.145607,-0.003066,0.988919,-229.070633,91.702446,87.173470
604,5.033333,-0.028522,-0.146370,-0.003071,0.988814,-229.158203,91.684151,87.153267
605,5.041667,-0.028393,-0.147583,-0.003087,0.988637,-229.244537,91.666725,87.131073
606,5.050000,-0.029363,-0.148361,-0.002811,0.988493,-229.337494,91.641258,87.116592
607,5.058333,-0.029651,-0.149653,-0.003161,0.988289,-229.421188,91.627899,87.106026
608,5.066667,-0.029088,-0.151099,-0.003373,0.988085,-229.502243,91.614357,87.091576
609,5.075000,-0.028808,-0.152111,-0.003307,0.987938,-229.593781,91.597794,87.078545
610,5.083333,-0.028637,-0.153017,-0.003030,0.987804,-229.686157,91.581413,87.064819
611,5.091667,-0.028525,-0.154135,-0.002251,0.987636,-229.776520,91.568077,87.051613
612,5.100000,-0.027504,-0.155284,-0.001880,0.987485,-229.868057,91.558823,87.036774
613,5.108333,-0.027672,-0.156551,-0.001839,0.987281,-229.956558,91.542618,87.020576
614,5.116667,-0.028258,-0.157549,-0.002332,0.987104,-230.044983,91.522934,87.004349
615,5.125000,-0.028594,-0.158333,-0.002460,0.986969,-230.136292,91.502075,86.986084
616,5.133333,-0.028252,-0.159261,-0.002001,0.986830,-230.226379,91.489029,86.968895
617,5.141667,-0.028390,-0.160376,-0.002130,0.986645,-230.318542,91.476585,86.951248
618,5.150000,-0.029103,-0.161626,-0.002650,0.986419,-230.402557,91.463593,86.934235
619,5.158333,-0.029473,-0.163189,-0.003492,0.986148,-230.485153,91.448082,86.917946
620,5.166667,-0.029489,-0.164114,-0.003552,0.985994,-230.569763,91.435829,86.897675
621,5.175000,-0.029258,-0.164952,-0.003125,0.985863,-230.658752,91.428848,86.879311
622,5.183333,-0.027434,-0.166088,-0.004628,0.985718,-230.743225,91.433907,86.861870
623,5.191667,-0.026774,-0.167350,-0.004860,0.985522,-230.816483,91.425972,86.844719
624,5.200000,-0.027143,-0.168624,-0.004319,0.985297,-230.894348,91.411850,86.827538
625,5.208333,-0.027234,-0.169383,-0.003770,0.985167,-230.971008,91.400352,86.806770
626,5.216667,-0.027959,-0.170084,-0.003271,0.985027,-231.054718,91.385651,86.790810
627,5.225000,-0.028798,-0.170939,-0.003447,0.984855,-231.134064,91.368935,86.775223
628,5.233333,-0.029007,-0.172111,-0.003959,0.984643,-231.212433,91.354080,86.757515
629,5.241667,-0.028943,-0.173166,-0.004260,0.984458,-231.289459,91.335587,86.741394
630,5.250000,-0.028534,-0.174198,-0.004401,0.984287,-231.373016,91.318527,86.722878
631,5.258333,-0.028207,-0.175104,-0.004754,0.984134,-231.452423,91.301338,86.697044
632,5.266667,-0.028091,-0.176061,-0.004871,0.983966,-231.534607,91.282486,86.672546
633,5.275000,-0.027885,-0.176982,-0.004428,0.983809,-231.617386,91.265991,86.654892
634,5.283333,-0.027726,-0.178235,-0.003993,0.983589,-231.695343,91.255882,86.642967
635,5.291667,-0.027448,-0.179457,-0.003924,0.983375,-231.772705,91.241249,86.628952
636,5.300000,-0.027370,-0.180045,-0.004294,0.983268,-231.845123,91.225845,86.612877
637,5.308333,-0.027213,-0.180611,-0.004400,0.983168,-231.915863,91.203949,86.590034
638,5.316667,-0.027168,-0.181349,-0.004208,0.983034,-231.983810,91.183189,86.570183
639,5.325000,-0.027376,-0.182207,-0.004034,0.982871,-232.050537,91.159958,86.547455
640,5.333333,-0.027389,-0.183319,-0.004455,0.982662,-232.115128,91.136620,86.524925
641,5.341667,-0.027350,-0.184280,-0.004921,0.982481,-232.174500,91.114113,86.504089
642,5.350000,-0.027692,-0.184861,-0.005098,0.982361,-232.234482,91.096329,86.484818
643,5.358333,-0.027539,-0.185261,-0.004772,0.982292,-232.297592,91.082298,86.466827
644,5.366667,-0.026916,-0.185960,-0.004335,0.982179,-232.357193,91.071556,86.451080
645,5.375000,-0.026341,-0.187065,-0.003826,0.981987,-232.417480,91.060547,86.437088
646,5.383333,-0.026146,-0.187977,-0.003890,0.981818,-232.479675,91.040573,86.420258
647,5.391667,-0.026520,-0.188649,-0.004100,0.981678,-232.547546,91.015991,86.399597
648,5.400000,-0.026683,-0.189552,-0.004219,0.981499,-232.618195,90.984909,86.371292
649,5.408333,-0.026369,-0.190613,-0.003956,0.981303,-232.695389,90.954468,86.336838
650,5.416667,-0.025628,-0.191668,-0.003731,0.981118,-232.780807,90.922523,86.303703
651,5.425000,-0.025167,-0.192538,-0.003681,0.980960,-232.871216,90.880470,86.268982
652,5.433333,-0.024543,-0.194036,-0.003532,0.980681,-232.963943,90.831985,86.230537
653,5.441667,-0.024387,-0.195236,-0.003706,0.980446,-233.066040,90.775902,86.191277
654,5.450000,-0.024296,-0.196152,-0.004391,0.980263,-233.173553,90.719055,86.145897
655,5.458333,-0.023731,-0.197370,-0.004837,0.980030,-233.276871,90.673508,86.099289
656,5.466667,-0.023858,-0.198956,-0.004864,0.979706,-233.385468,90.634392,86.054588
657,5.475000,-0.023679,-0.200553,-0.004415,0.979387,-233.507828,90.604973,86.002045
658,5.483333,-0.022568,-0.202058,-0.003555,0.979107,-233.623962,90.584389,85.952850
659,5.491667,-0.021641,-0.204087,-0.002910,0.978709,-233.742401,90.564919,85.901489
660,5.500000,-0.021214,-0.205626,-0.002595,0.978397,-233.868362,90.536423,85.845634
661,5.508333,-0.020892,-0.207301,-0.002473,0.978051,-233.994980,90.509155,85.786896
662,5.516667,-0.020496,-0.208894,-0.002976,0.977719,-234.122253,90.493431,85.733833
663,5.525000,-0.019009,-0.210609,-0.004526,0.977375,-234.250458,90.495789,85.676056
664,5.533333,-0.018473,-0.212389,-0.004328,0.977001,-234.374695,90.496674,85.618225
665,5.541667,-0.018939,-0.214196,-0.003882,0.976599,-234.486725,90.506798,85.560585
666,5.550000,-0.019484,-0.215009,-0.004394,0.976408,-234.596756,90.525345,85.501450
667,5.558333,-0.020099,-0.216551,-0.004110,0.976056,-234.698242,90.532890,85.455406
668,5.566667,-0.020325,-0.217851,-0.004146,0.975762,-234.789703,90.531906,85.410538
669,5.575000,-0.020034,-0.218804,-0.003874,0.975556,-234.883591,90.521118,85.364548
670,5.583333,-0.019446,-0.220149,-0.003409,0.975267,-234.967636,90.512047,85.332733
671,5.591667,-0.019173,-0.221392,-0.003244,0.974991,-235.043335,90.508476,85.300980
672,5.600000,-0.019311,-0.222313,-0.003218,0.974779,-235.119705,90.509010,85.260223
673,5.608333,-0.020318,-0.223118,-0.003219,0.974574,-235.195419,90.516678,85.214767
674,5.616667,-0.019599,-0.223769,-0.005580,0.974429,-235.265594,90.538040,85.175507
675,5.625000,-0.019360,-0.224973,-0.006635,0.974150,-235.325119,90.546402,85.137917
676,5.633333,-0.019139,-0.226019,-0.006506,0.973913,-235.384277,90.540657,85.103973
677,5.641667,-0.018741,-0.226797,-0.006034,0.973743,-235.440964,90.535667,85.075203
678,5.650000,-0.018240,-0.227394,-0.005341,0.973617,-235.494446,90.530708,85.052231
679,5.658333,-0.018063,-0.228120,-0.004818,0.973454,-235.547287,90.531044,85.031693
680,5.666667,-0.018307,-0.228901,-0.004687,0.973266,-235.598999,90.534042,85.006828
681,5.675000,-0.018554,-0.229256,-0.003925,0.973181,-235.645340,90.545158,84.976318
682,5.683333,-0.018951,-0.229811,-0.003897,0.973043,-235.687439,90.551796,84.952324
683,5.691667,-0.019167,-0.230258,-0.004215,0.972932,-235.725876,90.552940,84.929161
684,5.700000,-0.020107,-0.230700,-0.003418,0.972811,-235.760880,90.540474,84.911118
685,5.708333,-0.020406,-0.231085,-0.003014,0.972715,-235.796692,90.529060,84.895813
686,5.716667,-0.020389,-0.231501,-0.003599,0.972614,-235.826370,90.519676,84.886292
687,5.725000,-0.020226,-0.231584,-0.004409,0.972595,-235.844498,90.519753,84.879021
688,5.733333,-0.020359,-0.232001,-0.004920,0.972490,-235.860687,90.525864,84.872978
689,5.741667,-0.020180,-0.232267,-0.005300,0.972428,-235.870651,90.529625,84.864609
690,5.750000,-0.020190,-0.232430,-0.005633,0.972387,-235.879135,90.531700,84.857384
691,5.758333,-0.020224,-0.232610,-0.005791,0.972343,-235.883835,90.527985,84.852005
692,5.766667,-0.020235,-0.232704,-0.006069,0.972318,-235.884338,90.523460,84.850380
693,5.775000,-0.019916,-0.232574,-0.005346,0.972360,-235.878326,90.519943,84.848068
694,5.783333,-0.020027,-0.232243,-0.005357,0.972437,-235.862915,90.519241,84.851295
695,5.791667,-0.020153,-0.232085,-0.005917,0.972469,-235.839630,90.519669,84.857979
696,5.800000,-0.020694,-0.232423,-0.007576,0.972365,-235.814743,90.513817,84.863075
697,5.808333,-0.020468,-0.233296,-0.009833,0.972141,-235.789230,90.502800,84.857208
698,5.816667,-0.020949,-0.233944,-0.011747,0.971953,-235.765106,90.467873,84.848289
699,5.825000,-0.021657,-0.234050,-0.013126,0.971895,-235.747559,90.438110,84.847885
700,5.833333,-0.021360,-0.233521,-0.014331,0.972012,-235.734131,90.423950,84.861603
701,5.841667,-0.021210,-0.232235,-0.013971,0.972328,-235.730957,90.416870,84.896484
702,5.850000,-0.018985,-0.230590,-0.014979,0.972751,-235.724884,90.422791,84.937271
703,5.858333,-0.017109,-0.229588,-0.015363,0.973016,-235.718872,90.426018,84.982651
704,5.866667,-0.015195,-0.228456,-0.015370,0.973314,-235.719116,90.426239,85.037521
705,5.875000,-0.012338,-0.227741,-0.015663,0.973518,-235.723068,90.415596,85.094193
706,5.883333,-0.009691,-0.227008,-0.016050,0.973712,-235.732452,90.396866,85.152977
707,5.891667,-0.006770,-0.225985,-0.016783,0.973963,-235.751480,90.375061,85.215469
708,5.900000,-0.003542,-0.224946,-0.017752,0.974203,-235.771469,90.355927,85.290054
709,5.908333,-0.000851,-0.223410,-0.017968,0.974559,-235.795929,90.339516,85.376976
710,5.916667,0.003003,-0.221462,-0.019073,0.974978,-235.814163,90.342461,85.457909
711,5.925000,0.005705,-0.219579,-0.019462,0.975384,-235.818237,90.340569,85.506927
712,5.933333,0.006711,-0.217259,-0.019587,0.975894,-235.818314,90.335991,85.526970
713,5.941667,0.006949,-0.215225,-0.019746,0.976340,-235.819763,90.332817,85.534370
714,5.950000,0.006415,-0.214297,-0.019791,0.976547,-235.818893,90.333366,85.533142
715,5.958333,0.005784,-0.214746,-0.019553,0.976457,-235.810349,90.332901,85.520782
716,5.966667,0.005222,-0.216300,-0.019628,0.976116,-235.797073,90.334724,85.502235
717,5.975000,0.004230,-0.217787,-0.020225,0.975778,-235.778290,90.335312,85.474243
718,5.983333,0.002569,-0.220004,-0.021133,0.975267,-235.749298,90.332146,85.434265
719,5.991667,0.000155,-0.222764,-0.020901,0.974648,-235.717133,90.323730,85.383911
720,6.000000,-0.001062,-0.224906,-0.021803,0.974136,-235.702484,90.329964,85.339127
721,6.008333,-0.002014,-0.226993,-0.021481,0.973657,-235.702927,90.331696,85.300400
722,6.016667,-0.002903,-0.228766,-0.020701,0.973257,-235.716583,90.333000,85.272003
723,6.025000,-0.003168,-0.230141,-0.020341,0.972940,-235.731583,90.336411,85.256538
724,6.033333,-0.003300,-0.231376,-0.020404,0.972645,-235.740189,90.340225,85.258690
725,6.041667,-0.002776,-0.232375,-0.020396,0.972408,-235.745285,90.341179,85.279137
726,6.050000,-0.001880,-0.233196,-0.019955,0.972223,-235.762405,90.340134,85.306053
727,6.058333,-0.000432,-0.233945,-0.018799,0.972068,-235.782486,90.339767,85.328903
728,6.066667,0.000511,-0.234741,-0.018572,0.971880,-235.791595,90.335144,85.342804
729,6.075000,0.000684,-0.235547,-0.018937,0.971678,-235.783356,90.327034,85.345528
730,6.083333,0.000641,-0.236009,-0.019519,0.971555,-235.769485,90.325562,85.344009
731,6.091667,0.000701,-0.236264,-0.019599,0.971491,-235.767075,90.328041,85.342812
732,6.100000,0.000757,-0.236311,-0.019535,0.971481,-235.766388,90.330177,85.341904
733,6.108333,0.000782,-0.236246,-0.019460,0.971498,-235.767578,90.329536,85.338943
734,6.116667,0.000419,-0.236274,-0.019346,0.971494,-235.768753,90.327927,85.334396
735,6.125000,0.000153,-0.236279,-0.019289,0.971494,-235.771011,90.328819,85.328430
736,6.133333,-0.000075,-0.236291,-0.019013,0.971496,-235.772186,90.329727,85.324699
737,6.141667,-0.000091,-0.236272,-0.019215,0.971497,-235.769562,90.331306,85.325294
738,6.150000,0.000022,-0.236252,-0.019240,0.971501,-235.767792,90.330009,85.328011
739,6.158333,0.000071,-0.236166,-0.019283,0.971521,-235.767532,90.329697,85.330048
740,6.166667,0.000285,-0.236206,-0.019393,0.971510,-235.767944,90.330437,85.330750
741,6.175000,0.000405,-0.236245,-0.019275,0.971502,-235.770081,90.328995,85.330215
742,6.183333,0.000316,-0.236252,-0.019110,0.971504,-235.772018,90.329285,85.328835
743,6.191667,0.000288,-0.236271,-0.019069,0.971500,-235.774475,90.330315,85.327324
744,6.200000,0.000207,-0.236315,-0.019195,0.971487,-235.772873,90.330711,85.327782
745,6.208333,0.000257,-0.236260,-0.019205,0.971500,-235.771469,90.331238,85.329391
746,6.216667,0.000199,-0.236228,-0.019113,0.971510,-235.771484,90.331398,85.331802
747,6.225000,0.000435,-0.236206,-0.019197,0.971513,-235.771271,90.330223,85.330338
748,6.233333,0.000338,-0.236256,-0.019134,0.971502,-235.772675,90.329185,85.328743
749,6.241667,0.000124,-0.236305,-0.018968,0.971494,-235.774475,90.330444,85.326385
750,6.250000,0.000077,-0.236301,-0.019004,0.971494,-235.772873,90.330421,85.327164
751,6.258333,0.000042,-0.236205,-0.019130,0.971515,-235.771347,90.329956,85.328377
752,6.266667,0.000096,-0.236149,-0.019151,0.971528,-235.769562,90.329102,85.329010
753,6.275000,0.000222,-0.236147,-0.019294,0.971526,-235.770370,90.330360,85.329956
754,6.283333,0.000254,-0.236242,-0.019174,0.971505,-235.771225,90.330887,85.328316
755,6.291667,0.000069,-0.236267,-0.019076,0.971501,-235.771912,90.330322,85.325752
756,6.300000,0.000109,-0.236306,-0.019145,0.971490,-235.771133,90.331558,85.327003
757,6.308333,0.000342,-0.236277,-0.019091,0.971498,-235.769943,90.329758,85.328232
758,6.316667,0.000445,-0.236177,-0.019403,0.971516,-235.770294,90.331612,85.328979
759,6.325000,0.000417,-0.236284,-0.019173,0.971495,-235.770416,90.329819,85.327789
760,6.333333,0.000265,-0.236274,-0.019089,0.971499,-235.771805,90.329987,85.325981
761,6.341667,0.000166,-0.236292,-0.018939,0.971498,-235.773880,90.329521,85.325615
762,6.350000,0.000251,-0.236280,-0.019138,0.971497,-235.773209,90.329697,85.327377
763,6.358333,0.000258,-0.236299,-0.019207,0.971491,-235.772415,90.330643,85.328781
764,6.366667,0.000185,-0.236262,-0.019113,0.971501,-235.772614,90.330307,85.328598
765,6.375000,0.000250,-0.236297,-0.019004,0.971495,-235.773712,90.329971,85.327271
766,6.383333,0.000113,-0.236290,-0.018933,0.971498,-235.775131,90.329750,85.326241
767,6.391667,0.000122,-0.236229,-0.019173,0.971508,-235.775620,90.328453,85.327301
768,6.400000,0.000332,-0.236257,-0.019153,0.971502,-235.774490,90.328842,85.328659
769,6.408333,0.000308,-0.236275,-0.019138,0.971498,-235.774658,90.329659,85.328583
770,6.416667,0.000223,-0.236302,-0.019092,0.971492,-235.775711,90.329628,85.327454
771,6.425000,0.000192,-0.236358,-0.019021,0.971480,-235.775711,90.328903,85.326622
772,6.433333,0.000383,-0.236347,-0.019090,0.971481,-235.774307,90.329330,85.326126
773,6.441667,0.000223,-0.236303,-0.019146,0.971491,-235.773758,90.329704,85.327187
774,6.450000,0.000295,-0.236329,-0.019094,0.971485,-235.774368,90.328583,85.326294
775,6.458333,0.000144,-0.236389,-0.018965,0.971473,-235.775757,90.327545,85.325447
776,6.466667,0.000147,-0.236319,-0.019147,0.971487,-235.775940,90.327332,85.325432
777,6.475000,0.000210,-0.236348,-0.019091,0.971481,-235.775787,90.328682,85.326920
778,6.483333,0.000215,-0.236333,-0.019030,0.971486,-235.775208,90.328110,85.326263
779,6.491667,0.000198,-0.236364,-0.019134,0.971476,-235.776871,90.328201,85.325584
780,6.500000,0.000226,-0.236350,-0.019143,0.971479,-235.776382,90.328140,85.324631
781,6.508333,0.000183,-0.236398,-0.019171,0.971467,-235.775253,90.329109,85.326591
782,6.516667,0.000244,-0.236367,-0.019045,0.971477,-235.775635,90.327881,85.327324
783,6.525000,0.000318,-0.236358,-0.019023,0.971480,-235.776443,90.327660,85.326042
784,6.533333,0.000178,-0.236369,-0.019060,0.971476,-235.777115,90.327606,85.326279
785,6.541667,0.000341,-0.236309,-0.019251,0.971487,-235.776566,90.327499,85.326752
786,6.550000,0.000349,-0.236317,-0.019173,0.971487,-235.776016,90.329147,85.328300
787,6.558333,0.000282,-0.236348,-0.019173,0.971479,-235.776550,90.328590,85.327080
788,6.566667,0.000296,-0.236377,-0.019074,0.971474,-235.777237,90.328743,85.326355
789,6.575000,0.000349,-0.236407,-0.019155,0.971465,-235.776352,90.327522,85.325851
790,6.583333,0.000417,-0.236377,-0.019121,0.971473,-235.776001,90.328194,85.326279
791,6.591667,0.000357,-0.236340,-0.019227,0.971480,-235.776230,90.328773,85.325851
792,6.600000,0.000315,-0.236380,-0.019127,0.971472,-235.776398,90.328255,85.324326
793,6.608333,0.000291,-0.236375,-0.019141,0.971473,-235.776642,90.328865,85.324898
794,6.616667,0.000211,-0.236357,-0.019083,0.971479,-235.775848,90.327858,85.324821
795,6.625000,0.000182,-0.236358,-0.018969,0.971481,-235.777100,90.327759,85.324135
796,6.633333,0.000168,-0.236327,-0.018976,0.971488,-235.777328,90.327415,85.323540
797,6.641667,0.000252,-0.236340,-0.019042,0.971484,-235.776169,90.327354,85.323845
798,6.650000,0.000308,-0.236333,-0.019113,0.971484,-235.775620,90.327652,85.323807
799,6.658333,0.000356,-0.236343,-0.019032,0.971483,-235.775787,90.328056,85.323372
800,6.666667,0.000218,-0.236371,-0.019080,0.971476,-235.775162,90.328773,85.325096
801,6.675000,0.000167,-0.236321,-0.019186,0.971486,-235.774399,90.329819,85.325966
802,6.683333,0.000258,-0.236406,-0.019108,0.971466,-235.774658,90.329308,85.325272
803,6.691667,0.000288,-0.236384,-0.019020,0.971474,-235.773849,90.329216,85.325302
804,6.700000,0.000305,-0.236331,-0.019070,0.971485,-235.773499,90.329239,85.326920
805,6.708333,0.000260,-0.236277,-0.019167,0.971497,-235.773727,90.329422,85.326996
806,6.716667,0.000236,-0.236293,-0.019236,0.971491,-235.774094,90.328880,85.326584
807,6.725000,0.000138,-0.236292,-0.019314,0.971490,-235.774109,90.329376,85.326591
808,6.733333,0.000278,-0.236345,-0.019271,0.971478,-235.773224,90.328262,85.326614
809,6.741667,0.000322,-0.236300,-0.019236,0.971490,-235.774139,90.327957,85.325836
810,6.750000,0.000297,-0.236355,-0.019003,0.971481,-235.774689,90.328751,85.326538
811,6.758333,0.000368,-0.236312,-0.019052,0.971490,-235.774994,90.329712,85.326698
812,6.766667,0.000317,-0.236273,-0.019027,0.971500,-235.775665,90.327873,85.326180
813,6.775000,0.000147,-0.236288,-0.019018,0.971497,-235.776016,90.329460,85.325531
814,6.783333,0.000170,-0.236276,-0.019045,0.971499,-235.775375,90.330032,85.324844
815,6.791667,0.000140,-0.236291,-0.019016,0.971496,-235.775253,90.329201,85.324768
816,6.800000,0.000081,-0.236312,-0.019076,0.971490,-235.775620,90.329979,85.324837
817,6.808333,0.000065,-0.236220,-0.019064,0.971512,-235.774185,90.329674,85.325150
818,6.816667,0.000094,-0.236198,-0.019086,0.971517,-235.774063,90.330055,85.325050
819,6.825000,0.000152,-0.236237,-0.018952,0.971511,-235.773468,90.328888,85.324951
820,6.833333,0.000232,-0.236179,-0.019110,0.971522,-235.772568,90.329155,85.325829
821,6.841667,0.000123,-0.236207,-0.018976,0.971518,-235.772079,90.329247,85.326797
822,6.850000,0.000164,-0.236262,-0.019045,0.971503,-235.772354,90.329514,85.326958
823,6.858333,0.000262,-0.236218,-0.019180,0.971511,-235.771729,90.329704,85.326859
824,6.866667,0.000215,-0.236243,-0.019195,0.971504,-235.771774,90.330208,85.327698
825,6.875000,0.000113,-0.236224,-0.019101,0.971511,-235.772064,90.329033,85.326836
826,6.883333,0.000191,-0.236244,-0.019084,0.971506,-235.771820,90.328636,85.326836
827,6.891667,0.000222,-0.236209,-0.019083,0.971515,-235.771851,90.328827,85.326645
828,6.900000,0.000204,-0.236255,-0.019082,0.971504,-235.773392,90.329208,85.326599
829,6.908333,0.000173,-0.236240,-0.019007,0.971509,-235.773819,90.330193,85.326736
830,6.916667,0.000267,-0.236243,-0.019098,0.971506,-235.773941,90.330833,85.326744
831,6.925000,0.000224,-0.236244,-0.018949,0.971509,-235.773758,90.330544,85.325310
832,6.933333,0.000113,-0.236232,-0.019082,0.971509,-235.773712,90.331306,85.325371
833,6.941667,0.000120,-0.236218,-0.019151,0.971511,-235.773605,90.331367,85.325005
834,6.950000,0.000089,-0.236271,-0.019068,0.971500,-235.773499,90.330544,85.324570
835,6.958333,0.000065,-0.236258,-0.019146,0.971502,-235.772873,90.331123,85.324623
836,6.966667,-0.000012,-0.236215,-0.019292,0.971509,-235.772568,90.332474,85.324661
837,6.975000,0.000131,-0.236239,-0.019098,0.971507,-235.771271,90.331230,85.323967
838,6.983333,0.000154,-0.236258,-0.019103,0.971502,-235.770828,90.329735,85.324112
839,6.991667,0.000102,-0.236197,-0.019073,0.971518,-235.770599,90.331581,85.325706
840,7.000000,0.000048,-0.236183,-0.019115,0.971520,-235.770325,90.330673,85.325531
841,7.008333,0.000106,-0.236222,-0.019060,0.971512,-235.769318,90.329079,85.325523
842,7.016667,0.000147,-0.236264,-0.019115,0.971501,-235.769226,90.331711,85.327141
843,7.025000,0.000170,-0.236262,-0.019149,0.971501,-235.768967,90.330460,85.326553
844,7.033333,0.000121,-0.236280,-0.019135,0.971497,-235.769608,90.330437,85.326508
845,7.041667,0.000100,-0.236239,-0.019102,0.971507,-235.770508,90.329964,85.325340
846,7.050000,0.000056,-0.236256,-0.019075,0.971504,-235.770721,90.329567,85.324898
847,7.058333,0.000230,-0.236203,-0.019205,0.971514,-235.770798,90.330498,85.324295
848,7.066667,0.000174,-0.236229,-0.019166,0.971508,-235.771866,90.332039,85.324814
849,7.075000,0.000240,-0.236291,-0.019040,0.971496,-235.772324,90.330788,85.325661
850,7.083333,0.000247,-0.236306,-0.019056,0.971492,-235.773041,90.330261,85.325203
851,7.091667,0.000221,-0.236295,-0.019079,0.971494,-235.773514,90.330116,85.324471
852,7.100000,0.000255,-0.236282,-0.019054,0.971498,-235.773727,90.330246,85.324509
853,7.108333,0.000163,-0.236300,-0.019150,0.971491,-235.773941,90.330246,85.324181
854,7.116667,0.000019,-0.236268,-0.019132,0.971500,-235.772949,90.329773,85.323685
855,7.125000,0.000228,-0.236240,-0.019082,0.971507,-235.772369,90.330017,85.323891
856,7.133333,0.000089,-0.236310,-0.018956,0.971493,-235.771942,90.329796,85.324272
857,7.141667,0.000244,-0.236278,-0.019074,0.971498,-235.771362,90.329819,85.324081
858,7.150000,0.000083,-0.236313,-0.019031,0.971491,-235.771271,90.329659,85.323769
859,7.158333,0.000171,-0.236297,-0.019149,0.971492,-235.770966,90.329948,85.323830
860,7.166667,0.000284,-0.236279,-0.019046,0.971499,-235.770874,90.329971,85.324303
861,7.175000,0.000232,-0.236327,-0.019035,0.971487,-235.771057,90.330330,85.325447
862,7.183333,0.000091,-0.236338,-0.019054,0.971484,-235.770920,90.330414,85.324844
863,7.191667,0.000194,-0.236325,-0.019171,0.971485,-235.770966,90.330994,85.324318
864,7.200000,0.000211,-0.236303,-0.019107,0.971492,-235.771896,90.329002,85.323143
865,7.208333,0.000132,-0.236301,-0.019058,0.971493,-235.772964,90.328308,85.323685
866,7.216667,0.000212,-0.236300,-0.019133,0.971492,-235.773438,90.329773,85.324646
867,7.225000,0.000249,-0.236333,-0.019049,0.971485,-235.773651,90.329727,85.324753
868,7.233333,0.000223,-0.236289,-0.019133,0.971494,-235.774399,90.330208,85.324661
869,7.241667,0.000276,-0.236316,-0.019139,0.971488,-235.774261,90.330292,85.324112
870,7.250000,0.000236,-0.236334,-0.019242,0.971481,-235.774261,90.330070,85.323845
871,7.258333,0.000215,-0.236288,-0.019121,0.971495,-235.774734,90.329727,85.323868
872,7.266667,0.000172,-0.236295,-0.018993,0.971496,-235.774399,90.328705,85.323158
873,7.275000,0.000334,-0.236337,-0.019101,0.971483,-235.773651,90.328560,85.322929
874,7.283333,0.000377,-0.236378,-0.019022,0.971475,-235.773651,90.329620,85.323441
875,7.291667,0.000348,-0.236318,-0.018971,0.971491,-235.772568,90.329109,85.322853
876,7.300000,0.000205,-0.236272,-0.019003,0.971501,-235.772400,90.329369,85.322510
877,7.308333,0.000244,-0.236273,-0.018893,0.971503,-235.772293,90.329903,85.322739
878,7.316667,0.000268,-0.236328,-0.018849,0.971491,-235.772751,90.329811,85.322426
879,7.325000,0.000379,-0.236239,-0.018962,0.971510,-235.772324,90.330467,85.322197
880,7.333333,0.000336,-0.236223,-0.018866,0.971516,-235.772583,90.330956,85.322174
881,7.341667,0.000297,-0.236217,-0.018662,0.971521,-235.772842,90.331673,85.321060
882,7.350000,0.000413,-0.236173,-0.018657,0.971532,-235.772842,90.332451,85.320084
883,7.358333,0.000574,-0.236064,-0.018361,0.971564,-235.772919,90.333290,85.318527
884,7.366667,0.000699,-0.235934,-0.018121,0.971600,-235.772827,90.334724,85.317497
885,7.375000,0.000784,-0.235785,-0.017666,0.971644,-235.772919,90.335976,85.315437
886,7.383333,0.001878,-0.235627,-0.015487,0.971718,-235.773117,90.348228,85.313942
887,7.391667,0.002290,-0.235541,-0.014617,0.971752,-235.769730,90.354996,85.311195
888,7.400000,0.002227,-0.235264,-0.014233,0.971825,-235.765198,90.356438,85.304764
889,7.408333,0.002430,-0.235028,-0.014222,0.971881,-235.762741,90.359230,85.302452
890,7.416667,0.002463,-0.235080,-0.014124,0.971870,-235.761612,90.360390,85.302338
891,7.425000,0.002304,-0.235128,-0.014256,0.971857,-235.762329,90.359108,85.302307
892,7.433333,0.002174,-0.235143,-0.014415,0.971852,-235.762527,90.356575,85.302185
893,7.441667,0.001951,-0.235160,-0.014484,0.971847,-235.763306,90.357368,85.303596
894,7.450000,0.002072,-0.235079,-0.014669,0.971863,-235.763138,90.356987,85.303238
895,7.458333,0.001914,-0.235390,-0.014889,0.971785,-235.766464,90.354446,85.308029
896,7.466667,0.001859,-0.235508,-0.015171,0.971752,-235.768555,90.353737,85.310829
897,7.475000,0.000781,-0.235860,-0.017585,0.971628,-235.770233,90.339989,85.315247
898,7.483333,0.000390,-0.236009,-0.018635,0.971572,-235.771698,90.333725,85.317253
899,7.491667,0.000294,-0.236102,-0.018970,0.971543,-235.772369,90.330589,85.318321
900,7.500000,0.000412,-0.236203,-0.019048,0.971517,-235.773468,90.331375,85.319176
901,7.508333,0.000389,-0.236305,-0.019031,0.971493,-235.773773,90.330330,85.319748
902,7.516667,0.000306,-0.236269,-0.019129,0.971499,-235.774109,90.329834,85.320351
903,7.525000,0.000182,-0.236227,-0.019015,0.971512,-235.774750,90.331177,85.319710
904,7.533333,0.000221,-0.236303,-0.018956,0.971494,-235.775162,90.330231,85.319160
